0.1 -0
0.166333 -0
0.232667 -0
0.299 -0
0.365333 -0
0.431667 -0
0.498 -0
0.564333 -0
0.630667 -0
0.697 -0
0.763333 -0
0.829667 -0
0.896 -0
0.962333 -0
1.02867 0
1.095 0
1.16133 0
1.22767 0
1.294 0
1.36033 0
1.42667 0
1.493 0
1.55933 0
1.62567 0
1.692 0
1.75833 0
1.82467 0
1.891 0
1.95733 0
2.02367 0
2.09 0
2.15633 0
2.22267 0
2.289 0
2.35533 0
2.42167 0
2.488 0
2.55433 0
2.62067 0
2.687 0
2.75333 0
2.81967 0
2.886 0
2.95233 0
3.01867 0
3.085 0
3.15133 0
3.21767 0
3.284 0
3.35033 0
3.41667 0
3.483 0
3.54933 0
3.61567 0
3.682 0
3.74833 0
3.81467 0
3.881 0
3.94733 0
4.01367 0
4.08 0
4.14633 0
4.21267 0
4.279 0
4.34533 0
4.41167 0
4.478 0
4.54433 0
4.61067 0
4.677 0
4.74333 0
4.80967 0
4.876 0
4.94233 0
5.00867 0
5.075 0
5.14133 0
5.20767 0
5.274 0
5.34033 0
5.40667 0
5.473 0
5.53933 0
5.60567 0
5.672 0
5.73833 0
5.80467 0
5.871 0
5.93733 0
6.00367 0
6.07 0
6.13633 0
6.20267 0
6.269 0
6.33533 0
6.40167 0
6.468 0
6.53433 0
6.60067 0
6.667 0
6.73333 0
6.79967 0
6.866 0
6.93233 0
6.99867 0
7.065 0
7.13133 0
7.19767 0
7.264 0
7.33033 0
7.39667 0
7.463 0
7.52933 0
7.59567 0
7.662 0
7.72833 0
7.79467 0
7.861 0
7.92733 0
7.99367 0
8.06 0
8.12633 0
8.19267 0
8.259 0
8.32533 0
8.39167 0
8.458 0
8.52433 0
8.59067 0
8.657 0
8.72333 0
8.78967 0
8.856 0
8.92233 0
8.98867 0
9.055 0
9.12133 0
9.18767 0
9.254 0
9.32033 0
9.38667 0
9.453 0
9.51933 0
9.58567 0
9.652 0
9.71833 0
9.78467 0
9.851 0
9.91733 0
9.98367 0
10.05 0
10.1163 0
10.1827 0
10.249 0
10.3153 0
10.3817 0
10.448 0
10.5143 0
10.5807 0
10.647 0
10.7133 0
10.7797 0
10.846 0
10.9123 0
10.9787 0
11.045 0
11.1113 0
11.1777 0
11.244 0
11.3103 0
11.3767 0
11.443 0
11.5093 0
11.5757 0
11.642 0
11.7083 0
11.7747 0
11.841 0
11.9073 0
11.9737 0
12.04 0
12.1063 0
12.1727 0
12.239 0
12.3053 0
12.3717 0
12.438 0
12.5043 0
12.5707 0
12.637 0
12.7033 0
12.7697 0
12.836 0
12.9023 0
12.9687 0
13.035 0
13.1013 0
13.1677 0
13.234 0
13.3003 0
13.3667 0
13.433 0
13.4993 0
13.5657 0
13.632 0
13.6983 0
13.7647 0
13.831 0
13.8973 0
13.9637 0
14.03 0
14.0963 0
14.1627 0
14.229 0
14.2953 0
14.3617 0
14.428 0
14.4943 0
14.5607 0
14.627 0
14.6933 0
14.7597 0
14.826 0
14.8923 0
14.9587 0
15.025 0
15.0913 0
15.1577 0
15.224 0
15.2903 0
15.3567 0
15.423 0
15.4893 0
15.5557 0
15.622 0
15.6883 0
15.7547 0
15.821 0
15.8873 0
15.9537 0
16.02 0
16.0863 0
16.1527 0
16.219 0
16.2853 0
16.3517 0
16.418 0
16.4843 0
16.5507 0
16.617 0
16.6833 0
16.7497 0
16.816 0
16.8823 0
16.9487 0
17.015 0
17.0813 0
17.1477 0
17.214 0
17.2803 0
17.3467 0
17.413 0
17.4793 0
17.5457 0
17.612 0
17.6783 0
17.7447 0
17.811 0
17.8773 0
17.9437 0
18.01 0
18.0763 0
18.1427 0
18.209 0
18.2753 0
18.3417 0
18.408 0
18.4743 0
18.5407 0
18.607 0
18.6733 0
18.7397 0
18.806 0
18.8723 0
18.9387 0
19.005 0
19.0713 0
19.1377 0
19.204 0
19.2703 0
19.3367 0
19.403 0
19.4693 0
19.5357 0
19.602 0
19.6683 0
19.7347 0
19.801 0
19.8673 0
19.9337 0
20 0
